n = 100, m = 5, a = 0,25

SA1
146.583 14.901 65.764 35.357 65.338 1.96 39.138 191.834 47.973 6.313 
SA2
75.144 7.908 33.947 18.438 35.084 1.394 20.588 100.625 25.326 3.464 
SA3
53.56 6.666 25.556 14.61 25.789 1.098 15.745 71.342 19.278 3.046 
SA4
43.572 5.598 20.867 12.086 20.689 1.001 13 56.404 15.919 2.646 
SA5
39.317 5.457 19.635 11.302 19.292 0.997 11.76 48.891 14.246 2.541 
SA6
34.662 5.042 17.028 10.124 16.85 0.968 10.721 43.076 13.262 2.522 
SA7
32.378 4.866 16.51 9.673 16.724 1.029 10.567 40.991 12.74 2.507 
SA8
31.05 4.875 15.757 9.68 15.795 1.047 10.068 38.418 12.421 2.537 
SA9
29.188 4.841 15.261 9.321 15.52 1.065 9.885 36.976 12.273 2.56 
SA10
28.703 4.888 15.024 9.486 15.422 1.088 9.701 35.027 12.003 2.59 
SA11
27.857 5.057 14.999 9.427 15.38 1.171 9.737 34.173 11.981 2.605 
SA12
27.233 4.997 14.945 9.491 15.072 1.185 9.682 34.029 11.981 2.668 