n = 100, m = 5, a = 0,50

SA1
6.61 2.314 79.667 0.021 0.272 7.968 1721.82 16.784 15.644 
SA2
3.579 1.379 41.193 0.023 0.192 4.619 863.524 9.655 8.107 
SA3
3.22 1.309 29.963 0.021 0.217 3.915 586.808 7.411 6.997 
SA4
2.813 1.193 24.759 0.021 0.269 3.346 449.621 6.444 5.96 
SA5
2.825 1.233 22.999 0.021 0.348 3.38 374.711 6.106 5.785 
SA6
2.869 1.267 21.478 0.025 0.414 3.335 322.746 5.894 5.49 
SA7
2.889 1.353 20.249 0.025 0.497 3.295 288.498 5.952 5.385 
SA8
2.953 1.4 19.305 0.027 0.58 3.362 262.785 5.989 5.216 
SA9
3.011 1.368 18.45 0.026 0.656 3.3 240.385 6.077 5.404 
SA10
3.164 1.578 18.453 0.028 0.755 3.516 229.813 6.423 5.481 
SA11
3.266 1.802 18.546 0.029 0.851 3.68 212.026 6.596 5.528 
SA12
3.388 1.933 18.195 0.029 0.926 3.701 199.796 6.659 5.568 
