n = 100, m = 5, a = 0,75

SA1
46.052 13.529 84.926 79.651 87.396 11.763 69.262 72.126 89.448
SA2
24.164 7.362 45.423 42.358 47.283 5.79 37.621 38.964 39.735 49.214 
SA3
19.408 6.506 32.664 30.399 33.532 5.79 27.414 28.067 28.338 34.662 
SA4
15.981 5.569 26.669 25.008 26.955 5.078 22.706 23.047 23.06 27.908 
SA5
14.731 5.419 23.452 22.138 24.308 4.892 20.4 20.635 20.698 24.911 
SA6
13.949 5.205 21.42 20.36 22.084 4.998 18.712 19.028 19.109 22.649 
SA7
13.144 5.102 20.071 19.343 20.644 5.389 18.247 18.379 18.593 21.401 
SA8
13.207 5.269 19.756 19.11 20.321 5.881 18.019 18.196 18.144 20.884 
SA9
13.034 5.334 18.906 18.409 19.83 6.236 17.524 17.949 17.589 20.129 
SA10
12.762 5.401 18.642 18.161 19.135 6.572 17.111 17.629 17.588 19.881 
SA11
12.951 5.505 18.108 17.922 19.006 6.979 17.088 17.497 17.44 19.48 
SA12
12.866 5.732 18.017 17.636 18.878 7.293 17.033 17.278 17.272 19.388 
